{
  "modelName": "scene",
  "identifier": "scene:124162-15e42bd3-affa-4947-8448-ae54794408a8",
  "animationMask": {
    "position": false,
    "rotation": false,
    "scale": false
  },
  "cameraVisibility": "back|front",
  "hidden": false,
  "outputVisibility": "preview|capture",
  "physicsEnabled": false,
  "tags": [],
  "transform": {
    "rx": 0,
    "ry": 0,
    "rz": 0,
    "sx": 1,
    "sy": 1,
    "sz": 1,
    "x": 0,
    "y": 0,
    "z": 0
  },
  "children": [
    {
      "modelName": "device",
      "name": "Device",
      "identifier": "device:124224-15e42bd3-affa-4947-8448-ae54794408a8",
      "animationMask": {
        "position": false,
        "rotation": false,
        "scale": false
      },
      "cameraVisibility": "back|front",
      "hidden": false,
      "layerIdentifier": "layer0",
      "outputVisibility": "preview|capture",
      "physicsEnabled": false,
      "tags": [],
      "transform": {
        "rx": 0,
        "ry": 0,
        "rz": 0,
        "sx": 1,
        "sy": 1,
        "sz": 1,
        "x": 0,
        "y": 0,
        "z": 0
      },
      "children": [
        {
          "modelName": "camera",
          "name": "Camera",
          "identifier": "camera:124226-15e42bd3-affa-4947-8448-ae54794408a8",
          "animationMask": {
            "position": false,
            "rotation": false,
            "scale": false
          },
          "cameraVisibility": "back|front",
          "hidden": false,
          "layerIdentifier": "layer0",
          "outputVisibility": "preview|capture",
          "physicsEnabled": false,
          "projectionType": "perspective",
          "tags": [],
          "transform": {
            "rx": 0,
            "ry": 0,
            "rz": 0,
            "sx": 1,
            "sy": 1,
            "sz": 1,
            "x": 0,
            "y": 0,
            "z": 0
          },
          "updateSource": "world_tracker",
          "children": [
            {
              "modelName": "block_scene_model",
              "name": "trackerInstruction",
              "identifier": "block_scene_model:98595-7b19e904-6307-4e78-a0d1-280c8c07c5d3",
              "animationMask": {
                "position": false,
                "rotation": false,
                "scale": false
              },
              "cameraVisibility": "back|front",
              "customPortValues": {
                "block_input_port_model:186300-adedda48-daa0-4e43-ab45-af4914eaf40e": {
                  "t": "bool",
                  "v": true
                },
                "block_input_port_model:29721-3f1521df-0f31-4eeb-b2d7-91406c51b6b3": {
                  "t": "bool",
                  "v": false
                }
              },
              "hidden": false,
              "layerIdentifier": "layer0",
              "outputVisibility": "preview|capture",
              "physicsEnabled": false,
              "tags": [],
              "transform": {
                "rx": 0,
                "ry": 0,
                "rz": 0,
                "sx": 1,
                "sy": 1,
                "sz": 1,
                "x": 0,
                "y": -0.019999999552965164,
                "z": -0.30000001192092896
              }
            },
            {
              "modelName": "focalDistance",
              "name": "Focal Distance",
              "identifier": "focalDistance:124228-15e42bd3-affa-4947-8448-ae54794408a8",
              "animationMask": {
                "position": false,
                "rotation": false,
                "scale": false
              },
              "cameraVisibility": "back|front",
              "hidden": false,
              "layerIdentifier": "layer0",
              "outputVisibility": "preview|capture",
              "physicsEnabled": false,
              "tags": [],
              "transform": {
                "rx": 0,
                "ry": 0,
                "rz": 0,
                "sx": 1,
                "sy": 1,
                "sz": 1,
                "x": 0,
                "y": 0,
                "z": -0.5361266732215881
              }
            }
          ]
        },
        {
          "modelName": "microphone_model",
          "name": "Microphone",
          "identifier": "microphone_model:124230-15e42bd3-affa-4947-8448-ae54794408a8",
          "animationMask": {
            "position": false,
            "rotation": false,
            "scale": false
          },
          "cameraVisibility": "back|front",
          "disabled": false,
          "hidden": false,
          "layerIdentifier": "layer0",
          "outputVisibility": "preview|capture",
          "physicsEnabled": false,
          "previewAudioSource": "default",
          "tags": [],
          "transform": {
            "rx": 0,
            "ry": 0,
            "rz": 0,
            "sx": 1,
            "sy": 1,
            "sz": 1,
            "x": 0,
            "y": 0,
            "z": 0
          }
        }
      ]
    },
    {
      "modelName": "sceneObject",
      "name": "dragHere",
      "identifier": "sceneObject:542530-7b19e904-6307-4e78-a0d1-280c8c07c5d3",
      "animationMask": {
        "position": false,
        "rotation": false,
        "scale": false
      },
      "cameraVisibility": "back|front",
      "hidden": false,
      "layerIdentifier": "layer0",
      "outputVisibility": "preview|capture",
      "physicsEnabled": false,
      "shapeColor": "0xff808080",
      "shapeType": 0,
      "tags": [],
      "transform": {
        "rx": 0,
        "ry": 0,
        "rz": 0,
        "sx": 1,
        "sy": 1,
        "sz": 1,
        "x": 0,
        "y": 0,
        "z": 0
      },
      "children": [
        {
          "modelName": "3_d_object_instance_model",
          "name": "Motu.fbx",
          "identifier": "master3_d_object_model:106288-e1cb1e45-e83b-4d30-8b3f-d554d5b0442c",
          "sourceIdentifier": "master3_d_object_model:105733-e1cb1e45-e83b-4d30-8b3f-d554d5b0442c",
          "animationControllerIdentifier": "animations/animationPlaybackController0.animationctrl",
          "animationMask": {
            "position": false,
            "rotation": false,
            "scale": false
          },
          "cameraVisibility": "back|front",
          "depth": 2.5,
          "height": 2.028331995010376,
          "hidden": false,
          "layerIdentifier": "layer0",
          "outputVisibility": "preview|capture",
          "physicsEnabled": false,
          "tags": [],
          "transform": {
            "rx": 0,
            "ry": 0,
            "rz": 0,
            "sx": 0.20000000298023224,
            "sy": 0.20000000298023224,
            "sz": 0.20000000298023224,
            "x": 0,
            "y": 0,
            "z": 0
          },
          "width": 0.9986379742622375,
          "children": [
            {
              "modelName": "skeleton",
              "name": "skeleton",
              "identifier": "skeleton:106349-e1cb1e45-e83b-4d30-8b3f-d554d5b0442c",
              "sourceIdentifier": "skeleton:105575-e1cb1e45-e83b-4d30-8b3f-d554d5b0442c",
              "animationMask": {
                "position": false,
                "rotation": false,
                "scale": false
              },
              "cameraVisibility": "back|front",
              "hidden": false,
              "inverseBindMatrices": [
                {
                  "m11": 2.832769343193999E-16,
                  "m12": 0.18127916753292084,
                  "m13": -0.9834316968917847,
                  "m14": 0,
                  "m21": 0,
                  "m22": 0.9834316968917847,
                  "m23": 0.18127916753292084,
                  "m24": 0,
                  "m31": 1,
                  "m32": -5.135220622534941E-17,
                  "m33": 2.785835247586638E-16,
                  "m34": 0,
                  "m41": -1.3626459084426578E-33,
                  "m42": 0.04642098397016525,
                  "m43": 0.10076317191123962,
                  "m44": 1
                },
                {
                  "m11": 2.832769343193999E-16,
                  "m12": 0.18127916753292084,
                  "m13": -0.9834316968917847,
                  "m14": 0,
                  "m21": 6.162975822039155E-33,
                  "m22": 0.9834316968917847,
                  "m23": 0.18127916753292084,
                  "m24": 0,
                  "m31": 1,
                  "m32": -5.135220622534941E-17,
                  "m33": 2.785835247586638E-16,
                  "m34": 0,
                  "m41": 0,
                  "m42": -0.151731476187706,
                  "m43": 0.10076317191123962,
                  "m44": 1
                },
                {
                  "m11": 2.832769343193999E-16,
                  "m12": -5.551115123125783E-17,
                  "m13": -1,
                  "m14": 0,
                  "m21": 0,
                  "m22": 1,
                  "m23": -5.551115123125783E-17,
                  "m24": 0,
                  "m31": 1,
                  "m32": 1.5725028741331298E-32,
                  "m33": 2.832769343193999E-16,
                  "m34": 0,
                  "m41": -6.076890697308592E-33,
                  "m42": -0.3501792848110199,
                  "m43": 0.16701047122478485,
                  "m44": 1
                },
                {
                  "m11": 2.832769343193999E-16,
                  "m12": -5.551115123125783E-17,
                  "m13": -1,
                  "m14": 0,
                  "m21": 0,
                  "m22": 1,
                  "m23": -5.551115123125783E-17,
                  "m24": 0,
                  "m31": 1,
                  "m32": 1.5725028741331298E-32,
                  "m33": 2.832769343193999E-16,
                  "m34": 0,
                  "m41": -6.076890697308592E-33,
                  "m42": -0.3941662609577179,
                  "m43": 0.16440628468990326,
                  "m44": 1
                },
                {
                  "m11": 0.9831681251525879,
                  "m12": -0.0027943323366343975,
                  "m13": -0.18268191814422607,
                  "m14": 0,
                  "m21": -0.18140999972820282,
                  "m22": -0.13369004428386688,
                  "m23": -0.9742778539657593,
                  "m24": 0,
                  "m31": -0.02170029655098915,
                  "m32": 0.9910192489624023,
                  "m33": -0.13194669783115387,
                  "m34": 0,
                  "m41": -0.10071267187595367,
                  "m42": -0.08503212034702301,
                  "m43": 0.3714703917503357,
                  "m44": 1
                },
                {
                  "m11": 0.9831665754318237,
                  "m12": -0.004365723114460707,
                  "m13": -0.18265919387340546,
                  "m14": 0,
                  "m21": -0.1814759373664856,
                  "m22": -0.1393929421901703,
                  "m23": -0.9734660387039185,
                  "m24": 0,
                  "m31": -0.021211519837379456,
                  "m32": 0.9902275204658508,
                  "m33": -0.13783875107765198,
                  "m34": 0,
                  "m41": -0.10088509321212769,
                  "m42": -0.34736624360084534,
                  "m43": 0.37354305386543274,
                  "m44": 1
                },
                {
                  "m11": 0.9944185614585876,
                  "m12": 0.10456372052431107,
                  "m13": -0.014077587984502316,
                  "m14": 0,
                  "m21": -0.020079297944903374,
                  "m22": 0.056568607687950134,
                  "m23": -0.9981967806816101,
                  "m24": 0,
                  "m31": -0.10357882082462311,
                  "m32": 0.9929080605506897,
                  "m33": 0.05835244059562683,
                  "m34": 0,
                  "m41": -0.050529804080724716,
                  "m42": -0.955887496471405,
                  "m43": 0.22557181119918823,
                  "m44": 1
                },
                {
                  "m11": 0.9998986721038818,
                  "m12": 0.0017981057753786445,
                  "m13": -0.014121207408607006,
                  "m14": 0,
                  "m21": -0.014176864176988602,
                  "m22": 0.03604821860790253,
                  "m23": -0.9992495179176331,
                  "m24": 0,
                  "m31": -0.0012877119006589055,
                  "m32": 0.9993484616279602,
                  "m33": 0.03607005625963211,
                  "m34": 0,
                  "m41": -0.1473458707332611,
                  "m42": -1.0874110460281372,
                  "m43": 0.2503974139690399,
                  "m44": 1
                },
                {
                  "m11": 0.9998986721038818,
                  "m12": 0.00044005800737068057,
                  "m13": -0.01422842312604189,
                  "m14": 0,
                  "m21": -0.014176864176988602,
                  "m22": -0.05963284149765968,
                  "m23": -0.9981197118759155,
                  "m24": 0,
                  "m31": -0.0012877119006589055,
                  "m32": 0.9982202649116516,
                  "m33": -0.059620559215545654,
                  "m34": 0,
                  "m41": -0.14740701019763947,
                  "m42": -1.111945390701294,
                  "m43": 0.3583265244960785,
                  "m44": 1
                },
                {
                  "m11": 0.9998986721038818,
                  "m12": -0.0019575832411646843,
                  "m13": -0.014099983498454094,
                  "m14": 0,
                  "m21": -0.014176864176988602,
                  "m22": -0.2265392541885376,
                  "m23": -0.9738988280296326,
                  "m24": 0,
                  "m31": -0.0012877119006589055,
                  "m32": 0.974000096321106,
                  "m33": -0.22654405236244202,
                  "m34": 0,
                  "m41": -0.1474171131849289,
                  "m42": -1.0930296182632446,
                  "m43": 0.5498545169830322,
                  "m44": 1
                },
                {
                  "m11": -0.9830346703529358,
                  "m12": 0.002794235944747925,
                  "m13": -0.1833985596895218,
                  "m14": 0,
                  "m21": 0.18138568103313446,
                  "m22": -0.13369040191173553,
                  "m23": -0.9742823839187622,
                  "m24": 0,
                  "m31": -0.027241002768278122,
                  "m32": -0.9910191893577576,
                  "m33": 0.13091547787189484,
                  "m34": 0,
                  "m41": 0.10069896280765533,
                  "m42": -0.0859653428196907,
                  "m43": 0.371591717004776,
                  "m44": 1
                },
                {
                  "m11": -0.9828265309333801,
                  "m12": -0.022299399599432945,
                  "m13": -0.18317939341068268,
                  "m14": 0,
                  "m21": 0.18449190258979797,
                  "m22": -0.1393599659204483,
                  "m23": -0.9729036688804626,
                  "m24": 0,
                  "m31": -0.0038327069487422705,
                  "m32": -0.9899906516075134,
                  "m33": 0.14108073711395264,
                  "m34": 0,
                  "m41": 0.10894869267940521,
                  "m42": -0.344258189201355,
                  "m43": 0.37514373660087585,
                  "m44": 1
                },
                {
                  "m11": 0.024312283843755722,
                  "m12": 0.2052532285451889,
                  "m13": -0.9784069061279297,
                  "m14": 0,
                  "m21": -0.11508793383836746,
                  "m22": -0.9716145396232605,
                  "m23": -0.20668810606002808,
                  "m24": 0,
                  "m31": -0.9930577278137207,
                  "m32": 0.11762788891792297,
                  "m33": 1.348789857580357E-9,
                  "m34": 0,
                  "m41": 0.16405422985553741,
                  "m42": -0.48610004782676697,
                  "m43": -0.039913129061460495,
                  "m44": 1
                },
                {
                  "m11": 0.006464872509241104,
                  "m12": 0.05401512235403061,
                  "m13": -0.9985191822052002,
                  "m14": 0,
                  "m21": -0.03060299903154373,
                  "m22": -0.9980616569519043,
                  "m23": -0.05418851226568222,
                  "m24": 0,
                  "m31": -0.9995107054710388,
                  "m32": 0.030908003449440002,
                  "m33": -0.0047993166372179985,
                  "m34": 0,
                  "m41": 0.22689107060432434,
                  "m42": -0.7141679525375366,
                  "m43": 0.07050275057554245,
                  "m44": 1
                },
                {
                  "m11": 0.08901234716176987,
                  "m12": -0.8767260909080505,
                  "m13": -0.47268185019493103,
                  "m14": 0,
                  "m21": -0.02601722627878189,
                  "m22": -0.4764502942562103,
                  "m23": 0.8788163661956787,
                  "m24": 0,
                  "m31": -0.995690643787384,
                  "m32": -0.06592763215303421,
                  "m33": -0.0652199387550354,
                  "m34": 0,
                  "m41": 0.22028398513793945,
                  "m42": -0.2988574504852295,
                  "m43": 0.8433712720870972,
                  "m44": 1
                },
                {
                  "m11": 0.11087054014205933,
                  "m12": -0.9929792881011963,
                  "m13": 0.04122897610068321,
                  "m14": 0,
                  "m21": -0.06680678576231003,
                  "m22": 0.03394446149468422,
                  "m23": 0.9971883893013,
                  "m24": 0,
                  "m31": -0.9915869235992432,
                  "m32": -0.11331319063901901,
                  "m33": -0.06257431954145432,
                  "m34": 0,
                  "m41": 0.18087489902973175,
                  "m42": -0.017780179157853127,
                  "m43": 0.9998152256011963,
                  "m44": 1
                },
                {
                  "m11": -0.024005351588129997,
                  "m12": 0.20254355669021606,
                  "m13": -0.9789789915084839,
                  "m14": 0,
                  "m21": 0.11522161960601807,
                  "m22": -0.9721747636795044,
                  "m23": -0.20396114885807037,
                  "m24": 0,
                  "m31": -0.993049681186676,
                  "m32": -0.11769570410251617,
                  "m33": 3.675937054747891E-10,
                  "m34": 0,
                  "m41": -0.1640121340751648,
                  "m42": -0.48618629574775696,
                  "m43": -0.03878413885831833,
                  "m44": 1
                },
                {
                  "m11": -0.006386239547282457,
                  "m12": 0.04693473502993584,
                  "m13": -0.9988775253295898,
                  "m14": 0,
                  "m21": 0.030652867630124092,
                  "m22": -0.9984192848205566,
                  "m23": -0.04710918292403221,
                  "m24": 0,
                  "m31": -0.9995096921920776,
                  "m32": -0.030919311568140984,
                  "m33": 0.004937460646033287,
                  "m34": 0,
                  "m41": -0.22686977684497833,
                  "m42": -0.7136200666427612,
                  "m43": 0.07468142360448837,
                  "m44": 1
                },
                {
                  "m11": -0.09224354475736618,
                  "m12": -0.8698623180389404,
                  "m13": -0.48459336161613464,
                  "m14": 0,
                  "m21": 0.02648903802037239,
                  "m22": -0.4886397421360016,
                  "m23": 0.8720834255218506,
                  "m24": 0,
                  "m31": -0.9953840970993042,
                  "m32": 0.06760765612125397,
                  "m33": 0.06811567395925522,
                  "m34": 0,
                  "m41": -0.21960876882076263,
                  "m42": -0.3117726147174835,
                  "m43": 0.8385661840438843,
                  "m44": 1
                },
                {
                  "m11": -0.11299411952495575,
                  "m12": -0.9927222728729248,
                  "m13": 0.04165113717317581,
                  "m14": 0,
                  "m21": 0.06396119296550751,
                  "m22": 0.03456522896885872,
                  "m23": 0.9973536133766174,
                  "m24": 0,
                  "m31": -0.9915348291397095,
                  "m32": 0.11535914987325668,
                  "m33": 0.05959003418684006,
                  "m34": 0,
                  "m41": -0.18335016071796417,
                  "m42": -0.012423007749021053,
                  "m43": 0.9991182088851929,
                  "m44": 1
                },
                {
                  "m11": 0.9815784096717834,
                  "m12": -0.030423162505030632,
                  "m13": -0.1886219084262848,
                  "m14": 0,
                  "m21": -0.18855097889900208,
                  "m22": 0.00520938728004694,
                  "m23": -0.9820495843887329,
                  "m24": 0,
                  "m31": 0.030859658494591713,
                  "m32": 0.9995235204696655,
                  "m33": -0.0006228949059732258,
                  "m34": 0,
                  "m41": -0.12681113183498383,
                  "m42": -0.5366170406341553,
                  "m43": 0.3027389645576477,
                  "m44": 1
                },
                {
                  "m11": 0.8457847237586975,
                  "m12": -0.5137110948562622,
                  "m13": 0.1440456062555313,
                  "m14": 0,
                  "m21": 0.019240278750658035,
                  "m22": -0.24044470489025116,
                  "m23": -0.9704721570014954,
                  "m24": 0,
                  "m31": 0.5331773161888123,
                  "m32": 0.8235819935798645,
                  "m33": -0.1934805065393448,
                  "m34": 0,
                  "m41": -0.6237452626228333,
                  "m42": -0.690058708190918,
                  "m43": 0.42798998951911926,
                  "m44": 1
                },
                {
                  "m11": 0.8457847237586975,
                  "m12": -0.4960079789161682,
                  "m13": 0.19653069972991943,
                  "m14": 0,
                  "m21": 0.019240278750658035,
                  "m22": -0.33976709842681885,
                  "m23": -0.9403128027915955,
                  "m24": 0,
                  "m31": 0.5331773161888123,
                  "m32": 0.7990834712982178,
                  "m33": -0.2778264880180359,
                  "m34": 0,
                  "m41": -0.617694079875946,
                  "m42": -0.6970503926277161,
                  "m43": 0.5029705762863159,
                  "m44": 1
                },
                {
                  "m11": 0.8457847237586975,
                  "m12": -0.5142409801483154,
                  "m13": 0.14214234054088593,
                  "m14": 0,
                  "m21": 0.019240278750658035,
                  "m22": -0.23684939742088318,
                  "m23": -0.9713558554649353,
                  "m24": 0,
                  "m31": 0.5331773161888123,
                  "m32": 0.824292778968811,
                  "m33": -0.1904294490814209,
                  "m34": 0,
                  "m41": -0.6106042265892029,
                  "m42": -0.8073616623878479,
                  "m43": 0.41871076822280884,
                  "m44": 1
                },
                {
                  "m11": 0.9989282488822937,
                  "m12": -0.04459446296095848,
                  "m13": -0.012397846207022667,
                  "m14": 0,
                  "m21": -0.011466478928923607,
                  "m22": 0.021080784499645233,
                  "m23": -0.9997119903564453,
                  "m24": 0,
                  "m31": 0.044842977076768875,
                  "m32": 0.998782753944397,
                  "m33": 0.020546847954392433,
                  "m34": 0,
                  "m41": -0.1550896316766739,
                  "m42": -1.0821080207824707,
                  "m43": 0.267452597618103,
                  "m44": 1
                },
                {
                  "m11": 0.9989282488822937,
                  "m12": -0.04574821516871452,
                  "m13": -0.0070337592624127865,
                  "m14": 0,
                  "m21": -0.011466478928923607,
                  "m22": -0.0973658636212349,
                  "m23": -0.9951825737953186,
                  "m24": 0,
                  "m31": 0.044842977076768875,
                  "m32": 0.9941966533660889,
                  "m33": -0.097786083817482,
                  "m34": 0,
                  "m41": -0.15504446625709534,
                  "m42": -1.0958714485168457,
                  "m43": 0.3999399244785309,
                  "m44": 1
                },
                {
                  "m11": 0.9989282488822937,
                  "m12": -0.043757542967796326,
                  "m13": 0.015088086016476154,
                  "m14": 0,
                  "m21": -0.011466478928923607,
                  "m22": -0.5497651100158691,
                  "m23": -0.8352406024932861,
                  "m24": 0,
                  "m31": 0.044842977076768875,
                  "m32": 0.8341723680496216,
                  "m33": -0.5496776700019836,
                  "m34": 0,
                  "m41": -0.1550549566745758,
                  "m42": -0.8294512629508972,
                  "m43": 0.8886622786521912,
                  "m44": 1
                },
                {
                  "m11": 0.9940674304962158,
                  "m12": 0.1078188568353653,
                  "m13": -0.01432026643306017,
                  "m14": 0,
                  "m21": -0.020266210660338402,
                  "m22": 0.054255370050668716,
                  "m23": -0.9983214139938354,
                  "m24": 0,
                  "m31": -0.1068609207868576,
                  "m32": 0.9926890134811401,
                  "m33": 0.05611857399344444,
                  "m34": 0,
                  "m41": -0.067042775452137,
                  "m42": -1.1051616668701172,
                  "m43": 0.22842451930046082,
                  "m44": 1
                },
                {
                  "m11": 0.9940674304962158,
                  "m12": 0.10474773496389389,
                  "m13": -0.029289720579981804,
                  "m14": 0,
                  "m21": -0.020266210660338402,
                  "m22": -0.08619465678930283,
                  "m23": -0.9960721731185913,
                  "m24": 0,
                  "m31": -0.1068609207868576,
                  "m32": 0.9907564520835876,
                  "m33": -0.08356045931577682,
                  "m34": 0,
                  "m41": -0.0670744776725769,
                  "m42": -1.115222692489624,
                  "m43": 0.38855770230293274,
                  "m44": 1
                },
                {
                  "m11": 0.9940674304962158,
                  "m12": 0.09112576395273209,
                  "m13": -0.05938073620200157,
                  "m14": 0,
                  "m21": -0.020266210660338402,
                  "m22": -0.3812063932418823,
                  "m23": -0.9242678284645081,
                  "m24": 0,
                  "m31": -0.1068609207868576,
                  "m32": 0.9199879169464111,
                  "m33": -0.37709808349609375,
                  "m34": 0,
                  "m41": -0.06710578501224518,
                  "m42": -0.9962844252586365,
                  "m43": 0.7208482027053833,
                  "m44": 1
                },
                {
                  "m11": 0.9879000782966614,
                  "m12": 0.15455082058906555,
                  "m13": -0.012941763736307621,
                  "m14": 0,
                  "m21": -0.022899331524968147,
                  "m22": 0.06282369047403336,
                  "m23": -0.9977619051933289,
                  "m24": 0,
                  "m31": -0.15339186787605286,
                  "m32": 0.9859853982925415,
                  "m33": 0.06560263782739639,
                  "m34": 0,
                  "m41": -0.049816474318504333,
                  "m42": -1.106815218925476,
                  "m43": 0.21703732013702393,
                  "m44": 1
                },
                {
                  "m11": 0.9879000782966614,
                  "m12": 0.15004132688045502,
                  "m13": -0.039256151765584946,
                  "m14": 0,
                  "m21": -0.022899331524968147,
                  "m22": -0.10922765731811523,
                  "m23": -0.9937529563903809,
                  "m24": 0,
                  "m31": -0.15339186787605286,
                  "m32": 0.9826275706291199,
                  "m33": -0.10447017103433609,
                  "m34": 0,
                  "m41": -0.04981285706162453,
                  "m42": -1.0966871976852417,
                  "m43": 0.4112167954444885,
                  "m44": 1
                },
                {
                  "m11": 0.9879000782966614,
                  "m12": 0.15497958660125732,
                  "m13": -0.005897019989788532,
                  "m14": 0,
                  "m21": -0.022899331524968147,
                  "m22": 0.10815216600894928,
                  "m23": -0.9938705563545227,
                  "m24": 0,
                  "m31": -0.15339186787605286,
                  "m32": 0.9819798469543457,
                  "m33": 0.11039245873689651,
                  "m34": 0,
                  "m41": -0.049819719046354294,
                  "m42": -1.1977850198745728,
                  "m43": 0.15600578486919403,
                  "m44": 1
                },
                {
                  "m11": -0.999599814414978,
                  "m12": -0.01768551953136921,
                  "m13": -0.022078389301896095,
                  "m14": 0,
                  "m21": 0.020339250564575195,
                  "m22": 0.09311408549547195,
                  "m23": -0.9954476952552795,
                  "m24": 0,
                  "m31": 0.019660817459225655,
                  "m32": -0.9954983592033386,
                  "m33": -0.09271711111068726,
                  "m34": 0,
                  "m41": 0.16737908124923706,
                  "m42": -1.0985314846038818,
                  "m43": 0.18651878833770752,
                  "m44": 1
                },
                {
                  "m11": -0.999599814414978,
                  "m12": -0.020957712084054947,
                  "m13": -0.019000189378857613,
                  "m14": 0,
                  "m21": 0.020339250564575195,
                  "m22": -0.06564874947071075,
                  "m23": -0.9976354837417603,
                  "m24": 0,
                  "m31": 0.019660817459225655,
                  "m32": -0.9976226687431335,
                  "m33": 0.06604874134063721,
                  "m34": 0,
                  "m41": 0.16746479272842407,
                  "m42": -1.1083766222000122,
                  "m43": 0.36660823225975037,
                  "m44": 1
                },
                {
                  "m11": -0.999599814414978,
                  "m12": -0.024720478802919388,
                  "m13": -0.013752483762800694,
                  "m14": 0,
                  "m21": 0.020339250564575195,
                  "m22": -0.29017767310142517,
                  "m23": -0.956756591796875,
                  "m24": 0,
                  "m31": 0.019660817459225655,
                  "m32": -0.9566534161567688,
                  "m33": 0.29056432843208313,
                  "m34": 0,
                  "m41": 0.16747061908245087,
                  "m42": -1.0518358945846558,
                  "m43": 0.621326208114624,
                  "m44": 1
                },
                {
                  "m11": 2.832769343193999E-16,
                  "m12": 0,
                  "m13": -1,
                  "m14": 0,
                  "m21": 0,
                  "m22": 1,
                  "m23": 0,
                  "m24": 0,
                  "m31": 1,
                  "m32": 0,
                  "m33": 2.832769343193999E-16,
                  "m34": 0,
                  "m41": 0,
                  "m42": 0.3805808126926422,
                  "m43": 0.03230705484747887,
                  "m44": 1
                },
                {
                  "m11": -0.9816881418228149,
                  "m12": -0.02586493454873562,
                  "m13": -0.18873098492622375,
                  "m14": 0,
                  "m21": 0.188659206032753,
                  "m22": 0.0052096848376095295,
                  "m23": -0.9820287823677063,
                  "m24": 0,
                  "m31": 0.02638333849608898,
                  "m32": -0.9996518492698669,
                  "m33": -0.00023462792159989476,
                  "m34": 0,
                  "m41": 0.12394076585769653,
                  "m42": -0.5374512672424316,
                  "m43": 0.3022031784057617,
                  "m44": 1
                },
                {
                  "m11": -0.9956345558166504,
                  "m12": 0.09083549678325653,
                  "m13": -0.021465057507157326,
                  "m14": 0,
                  "m21": 0.026687951758503914,
                  "m22": 0.05667999014258385,
                  "m23": -0.9980356097221375,
                  "m24": 0,
                  "m31": -0.08944042772054672,
                  "m32": -0.9942516088485718,
                  "m33": -0.058856766670942307,
                  "m34": 0,
                  "m41": 0.06336402893066406,
                  "m42": -0.9551844596862793,
                  "m43": 0.22621896862983704,
                  "m44": 1
                },
                {
                  "m11": -0.8342490792274475,
                  "m12": -0.5336674451828003,
                  "m13": 0.1386633813381195,
                  "m14": 0,
                  "m21": -0.014562984928488731,
                  "m22": -0.23006729781627655,
                  "m23": -0.9730657339096069,
                  "m24": 0,
                  "m31": 0.5511954426765442,
                  "m32": -0.8137985467910767,
                  "m33": 0.18416163325309753,
                  "m34": 0,
                  "m41": 0.6383124589920044,
                  "m42": -0.6802926063537598,
                  "m43": 0.4206787645816803,
                  "m44": 1
                },
                {
                  "m11": -0.8342490792274475,
                  "m12": -0.5118007659912109,
                  "m13": 0.205154687166214,
                  "m14": 0,
                  "m21": -0.014562984928488731,
                  "m22": -0.35148805379867554,
                  "m23": -0.9360790848731995,
                  "m24": 0,
                  "m31": 0.5511954426765442,
                  "m32": -0.7839108109474182,
                  "m33": 0.28577524423599243,
                  "m34": 0,
                  "m41": 0.6320657134056091,
                  "m42": -0.6766318678855896,
                  "m43": 0.5105123519897461,
                  "m44": 1
                },
                {
                  "m11": -0.8342490792274475,
                  "m12": -0.5343641638755798,
                  "m13": 0.13595381379127502,
                  "m14": 0,
                  "m21": -0.014562984928488731,
                  "m22": -0.22512708604335785,
                  "m23": -0.9742205739021301,
                  "m24": 0,
                  "m31": 0.5511954426765442,
                  "m32": -0.81472247838974,
                  "m33": 0.18003012239933014,
                  "m34": 0,
                  "m41": 0.6283292174339294,
                  "m42": -0.7994659543037415,
                  "m43": 0.40876972675323486,
                  "m44": 1
                },
                {
                  "m11": -0.9915608763694763,
                  "m12": -0.12928389012813568,
                  "m13": -0.009627405554056168,
                  "m14": 0,
                  "m21": 0.013723442330956459,
                  "m22": -0.03082909993827343,
                  "m23": -0.9994304776191711,
                  "m24": 0,
                  "m31": 0.12891346216201782,
                  "m32": -0.9911282658576965,
                  "m33": 0.032343149185180664,
                  "m34": 0,
                  "m41": 0.24759669601917267,
                  "m42": -1.0466747283935547,
                  "m43": 0.32692015171051025,
                  "m44": 1
                },
                {
                  "m11": -0.9915608763694763,
                  "m12": -0.1295875608921051,
                  "m13": -0.0037521107587963343,
                  "m14": 0,
                  "m21": 0.013723442330956459,
                  "m22": -0.07613974809646606,
                  "m23": -0.9970027208328247,
                  "m24": 0,
                  "m31": 0.12891346216201782,
                  "m32": -0.9886403679847717,
                  "m33": 0.0772755816578865,
                  "m34": 0,
                  "m41": 0.24763284623622894,
                  "m42": -1.0856578350067139,
                  "m43": 0.3765622675418854,
                  "m44": 1
                },
                {
                  "m11": -0.9915608763694763,
                  "m12": -0.12960633635520935,
                  "m13": 0.0030349206645041704,
                  "m14": 0,
                  "m21": 0.013723442330956459,
                  "m22": -0.12821297347545624,
                  "m23": -0.991651713848114,
                  "m24": 0,
                  "m31": 0.12891346216201782,
                  "m32": -0.9832413792610168,
                  "m33": 0.12890960276126862,
                  "m34": 0,
                  "m41": 0.24763254821300507,
                  "m42": -1.114359974861145,
                  "m43": 0.43547841906547546,
                  "m44": 1
                },
                {
                  "m11": -0.9931264519691467,
                  "m12": 0.11466029286384583,
                  "m13": -0.02351214922964573,
                  "m14": 0,
                  "m21": 0.02806069701910019,
                  "m22": 0.038218237459659576,
                  "m23": -0.9988753199577332,
                  "m24": 0,
                  "m31": -0.11363274604082108,
                  "m32": -0.9926693439483643,
                  "m33": -0.04117298871278763,
                  "m34": 0,
                  "m41": 0.056837547570466995,
                  "m42": -1.1012002229690552,
                  "m43": 0.24658475816249847,
                  "m44": 1
                },
                {
                  "m11": -0.9931264519691467,
                  "m12": 0.11130540817975998,
                  "m13": -0.03620647266507149,
                  "m14": 0,
                  "m21": 0.02806069701910019,
                  "m22": -0.07389899343252182,
                  "m23": -0.9968708753585815,
                  "m24": 0,
                  "m31": -0.11363274604082108,
                  "m32": -0.9910348057746887,
                  "m33": 0.07026773691177368,
                  "m34": 0,
                  "m41": 0.05681375041604042,
                  "m42": -1.1208510398864746,
